34010100
3c022000
00200008
00000000
00000000
00000000
00000000
00000000
40016800
30240800
14800049
00000000
42000018
00000000
00000000
00000000
00000000
00000000
00000000
00000000
00000000
00000000
00000000
00000000
00000000
00000000
00000000
00000000
00000000
00000000
00000000
00000000
00000000
00000000
00000000
00000000
00000000
00000000
00000000
00000000
00000000
00000000
00000000
00000000
00000000
00000000
00000000
00000000
00000000
00000000
00000000
00000000
00000000
00000000
00000000
00000000
00000000
00000000
00000000
00000000
00000000
00000000
00000000
00000000
34050000
34060000
34070000
34080000
34090000
340a0000
34030003
ac430004
3c011000
34210801
40816000
34030098
ac430000
340300f0
ac430000
3403000f
ac430000
00000000
08000051
00000000
8c430000
ac430000
42000018
00000000
00000000
